
0.000000   -2.381151
 0.025478   -2.393396
0.050940   -2.427411
 0.076418   -2.483195
 0.101879   -2.558026
0.127358   -2.649185
 0.152836   -2.753950
0.178297   -2.870960
 0.203776   -2.996133
0.229237   -3.126749
0.254715   -3.261446
0.280177   -3.398865
0.305655   -3.536283
0.331133   -3.673702
0.356595   -3.808399
0.382073   -3.940375
0.407534   -4.066909
0.433013   -4.190722
0.458491   -4.309093
0.483952   -4.420660
0.509431   -4.526785
0.534892   -4.627469
0.560370   -4.719988
0.585849   -4.807065
0.611310   -4.885979
0.636788   -4.958089
0.662250   -5.022037
0.687728   -5.079181
0.713189   -5.128161
0.738668   -5.170340
0.764146   -5.204354
0.789607   -5.231566
0.815086   -5.249253
0.840547   -5.261498
0.866025   -5.265580
    0.000000    4.997274
    0.025478    5.025846
    0.050940    5.108842
    0.076418    5.247621
    0.101879    5.439463
    0.127358    5.681646
    0.152836    5.971449
    0.178297    6.307513
    0.203776    6.684393
    0.229237    7.102091
    0.254715    7.555164
    0.280177    8.040892
    0.305655    8.553830
    0.331133    9.088538
    0.356595    9.638212
    0.382073   10.194690
    0.407534   10.749806
    0.433013   11.291317
    0.458491   11.812419
    0.483952   12.303589
    0.509431   12.758022
    0.534892   13.172999
    0.560370   13.544437
    0.585849   13.875057
    0.611310   14.166223
    0.636788   14.420651
    0.662250   14.641065
    0.687728   14.830186
    0.713189   14.989372
    0.738668   15.121349
    0.764146   15.228835
    0.789607   15.310471
    0.815086   15.368976
    0.840547   15.402989
    0.866025   15.413875


    0.000000   17.349979
    0.025478   17.356783
    0.050940   17.377192
    0.076418   17.412565
    0.101879   17.461546
    0.127358   17.525494
    0.152836   17.605768
    0.178297   17.703730
    0.203776   17.819380
    0.229237   17.955437
    0.254715   18.114624
    0.280177   18.298304
    0.305655   18.509193
    0.331133   18.752737
    0.356595   19.031656
    0.382073   19.348671
    0.407534   19.706505
    0.433013   20.107874
    0.458491   20.552784
    0.483952   21.037149
    0.509431   21.552811
    0.534892   22.091600
    0.560370   22.639914
    0.585849   23.184147
    0.611310   23.712051
    0.636788   24.211384
    0.662250   24.671261
    0.687728   25.086237
    0.713189   25.450872
    0.738668   25.762445
    0.764146   26.018234
    0.789607   26.218239
    0.815086   26.359739
    0.840547   26.445456
    0.866025   26.474028


    0.000000   28.316256
    0.025478   28.335304
    0.050940   28.391085
    0.076418   28.484966
    0.101879   28.616943
    0.127358   28.787016
    0.152836   28.996546
    0.178297   29.244169
    0.203776   29.531252
    0.229237   29.860512
    0.254715   30.231953
    0.280177   30.646929
    0.305655   31.108166
    0.331133   31.618382
    0.356595   32.178940
    0.382073   32.796646
    0.407534   33.471489
    0.433013   34.210285
    0.458491   35.015751
    0.483952   35.889240
    0.509431   36.830765
    0.534892   37.838955
    0.560370   38.907009
    0.585849   40.021324
    0.611310   41.164211
    0.636788   42.315262
    0.662250   43.448624
    0.687728   44.533005
    0.713189   45.541195
    0.738668   46.445980
    0.764146   47.221512
    0.789607   47.846016
    0.815086   48.304531
    0.840547   48.584812
    0.866025   48.678696


    0.866025   -5.265580
    0.891665   -5.261498
    0.917305   -5.249253
    0.942945   -5.230205
    0.968585   -5.202994
    0.994236   -5.168979
    1.019876   -5.125441
    1.045516   -5.075099
    1.071156   -5.016594
    1.096796   -4.951286
    1.122436   -4.876455
    1.148076   -4.794819
    1.173716   -4.703661
    1.199356   -4.605699
    1.224996   -4.498213
    1.250646   -4.383925
    1.276286   -4.260112
    1.301926   -4.129497
    1.327566   -3.989356
    1.353206   -3.841053
    1.378846   -3.684587
    1.404486   -3.519957
    1.430126   -3.345802
    1.455766   -3.164845
    1.481406   -2.974364
    1.507056   -2.775719
    1.532696   -2.570271
    1.558336   -2.356661
    1.583976   -2.134886
    1.609616   -1.906309
    1.635256   -1.672289
    1.660896   -1.434187
    1.686536   -1.192004
    1.712176   -0.952542
    1.737816   -0.718522
    1.763466   -0.498108
    1.789106   -0.300824
    1.814746   -0.141636
    1.840386   -0.036872
    1.866026   -0.000136


    0.866025   15.413875
    0.891665   15.402989
    0.917305   15.367615
    0.942945   15.310471
    0.968585   15.230196
    0.994236   15.128152
    1.019876   15.005701
    1.045516   14.862839
    1.071156   14.702291
    1.096796   14.522694
    1.122436   14.328132
    1.148076   14.117242
    1.173716   13.892746
    1.199356   13.656005
    1.224996   13.404298
    1.250646   13.140346
    1.276286   12.864147
    1.301926   12.575705
    1.327566   12.270935
    1.353206   11.952559
    1.378846   11.616495
    1.404486   11.262745
    1.430126   10.888585
    1.455766   10.492657
    1.481406   10.073598
    1.507056    9.631410
    1.532696    9.167452
    1.558336    8.683084
    1.583976    8.185113
    1.609616    7.677617
    1.635256    7.168759
    1.660896    6.663985
    1.686536    6.174176
    1.712176    5.706136
    1.737816    5.272111
    1.763466    4.882986
    1.789106    4.551004
    1.814746    4.293854
    1.840386    4.129224
    1.866026    4.072080


    0.866025   26.474028
    0.891665   26.445456
    0.917305   26.359739
    0.942945   26.218239
    0.968585   26.025036
    0.994236   25.781492
    1.019876   25.494410
    1.045516   25.167871
    1.071156   24.805958
    1.096796   24.416832
    1.122436   24.004576
    1.148076   23.574633
    1.173716   23.132444
    1.199356   22.683453
    1.224996   22.231739
    1.250646   21.781387
    1.276286   21.336479
    1.301926   20.898373
    1.327566   20.472509
    1.353206   20.058895
    1.378846   19.660244
    1.404486   19.279282
    1.430126   18.914646
    1.455766   18.570419
    1.481406   18.245241
    1.507056   17.939110
    1.532696   17.654749
    1.558336   17.392157
    1.583976   17.148613
    1.609616   16.928200
    1.635256   16.728195
    1.660896   16.548597
    1.686536   16.390770
    1.712176   16.254713
    1.737816   16.139063
    1.763466   16.045183
    1.789106   15.971712
    1.814746   15.920010
    1.840386   15.888716
    1.866026   15.877832


    0.866025   48.678696
    0.891665   48.583454
    0.917305   48.300453
    0.942945   47.840576
    0.968585   47.217430
    0.994236   46.448704
    1.019876   45.553440
    1.045516   44.553417
    1.071156   43.466312
    1.096796   42.308460
    1.122436   41.094822
    1.148076   39.836285
    1.173716   38.543736
    1.199356   37.223969
    1.224996   35.885162
    1.250646   34.532745
    1.276286   33.173523
    1.301926   31.817026
    1.327566   30.471413
    1.353206   29.144848
    1.378846   27.849575
    1.404486   26.596481
    1.430126   25.397810
    1.455766   24.261726
    1.481406   23.199112
    1.507056   22.218134
    1.532696   21.324234
    1.558336   20.520130
    1.583976   19.804466
    1.609616   19.177238
    1.635256   18.634367
    1.660896   18.167688
    1.686536   17.774479
    1.712176   17.446581
    1.737816   17.179907
    1.763466   16.967657
    1.789106   16.807108
    1.814746   16.694180
    1.840386   16.627512
    1.866026   16.605742


    1.866026   -0.000136
    1.892346   -0.001497
    1.918656   -0.002857
    1.944976   -0.008299
    1.971286   -0.013742
    1.997606   -0.020545
    2.023916   -0.028708
    2.050236   -0.038232
    2.076556   -0.047756
    2.102866   -0.058641
    2.129186   -0.069526
    2.155496   -0.080410
    2.181816   -0.089934
    2.208136   -0.099458
    2.234446   -0.107622
    2.260766   -0.114425
    2.287076   -0.121228
    2.313396   -0.125309
    2.339705   -0.128030
    2.366025   -0.128030


    1.866026    4.072080
    1.892346    4.081604
    1.918656    4.110176
    1.944976    4.156436
    1.971286    4.221744
    1.997606    4.306099
    2.023916    4.409503
    2.050236    4.531956
    2.076556    4.676178
    2.102866    4.839447
    2.129186    5.025846
    2.155496    5.232655
    2.181816    5.462593
    2.208136    5.714300
    2.234446    5.991858
    2.260766    6.292546
    2.287076    6.617725
    2.313396    6.968754
    2.339705    7.346996
    2.366025    7.749727


    1.866026   15.877832
    1.892346   15.832932
    1.918656   15.699596
    1.944976   15.480542
    1.971286   15.185296
    1.997606   14.820662
    2.023916   14.397521
    2.050236   13.925399
    2.076556   13.417904
    2.102866   12.883196
    2.129186   12.333522
    2.155496   11.775683
    2.181816   11.217846
    2.208136   10.668172
    2.234446   10.130742
    2.260766    9.611001
    2.287076    9.110308
    2.313396    8.631383
    2.339705    8.178310
    2.366025    7.749727


    1.866026   16.605742
    1.892346   16.567646
    1.918656   16.454718
    1.944976   16.275122
    1.971286   16.038380
    1.997606   15.758101
    2.023916   15.445168
    2.050236   15.115907
    2.076556   14.781205
    2.102866   14.451943
    2.129186   14.136291
    2.155496   13.843765
    2.181816   13.578452
    2.208136   13.343072
    2.234446   13.141706
    2.260766   12.975715
    2.287076   12.845099
    2.313396   12.752580
    2.339705   12.696796
    2.366025   12.677748


    2.366025   -0.128030
    2.390406   -0.140276
    2.414787   -0.177011
    2.439168   -0.234156
    2.463564   -0.310348
    2.487945   -0.402868
    2.512326   -0.508993
    2.536706   -0.623282
    2.561087   -0.745734
    2.585469   -0.869547
    2.609849   -0.996081
    2.634245   -1.122615
    2.658626   -1.246427
    2.683007   -1.366158
    2.707387   -1.483168
    2.731769   -1.593375
    2.756150   -1.698140
    2.780531   -1.797462
    2.804912   -1.888621
    2.829307   -1.972977
    2.853688   -2.049170
    2.878069   -2.118559
    2.902450   -2.179785
    2.926831   -2.232848
    2.951212   -2.277747
    2.975593   -2.314483
    2.999989   -2.344415
    3.024370   -2.364824
    3.048751   -2.377069
    3.073132   -2.381151


    2.366025    7.749727
    2.390406    7.723876
    2.414787    7.651765
    2.439168    7.540198
    2.463564    7.400058
    2.487945    7.240871
    2.512326    7.073519
    2.536706    6.900725
    2.561087    6.730653
    2.585469    6.563302
    2.609849    6.404114
    2.634245    6.251729
    2.658626    6.107507
    2.683007    5.972810
    2.707387    5.847637
    2.731769    5.731987
    2.756150    5.625862
    2.780531    5.527900
    2.804912    5.440823
    2.829307    5.360549
    2.853688    5.289799
    2.878069    5.227212
    2.902450    5.171428
    2.926831    5.125169
    2.951212    5.085712
    2.975593    5.053058
    2.999989    5.028567
    3.024370    5.010880
    3.048751    4.999995
    3.073132    4.997274


    2.366025    7.749727
    2.390406    7.779660
    2.414787    7.872180
    2.439168    8.021844
    2.463564    8.227291
    2.487945    8.483080
    2.512326    8.786489
    2.536706    9.132077
    2.561087    9.514400
    2.585469    9.929377
    2.609849   10.371565
    2.634245   10.838244
    2.658626   11.321250
    2.683007   11.817862
    2.707387   12.322637
    2.731769   12.830133
    2.756150   13.336269
    2.780531   13.834242
    2.804912   14.318607
    2.829307   14.785286
    2.853688   15.227474
    2.878069   15.639730
    2.902450   16.017971
    2.926831   16.356756
    2.951212   16.650640
    2.975593   16.898266
    2.999989   17.092829
    3.024370   17.235689
    3.048751   17.321407
    3.073132   17.349979


    2.366025   12.677748
    2.390406   12.732171
    2.414787   12.894080
    2.439168   13.152591
    2.463564   13.499538
    2.487945   13.921318
    2.512326   14.409766
    2.536706   14.956719
    2.561087   15.556734
    2.585469   16.204370
    2.609849   16.892824
    2.634245   17.618013
    2.658626   18.374496
    2.683007   19.156830
    2.707387   19.956850
    2.731769   20.770477
    2.756150   21.585464
    2.780531   22.397730
    2.804912   23.193670
    2.829307   23.966480
    2.853688   24.703913
    2.878069   25.397810
    2.902450   26.037283
    2.926831   26.612808
    2.951212   27.116220
    2.975593   27.538002
    2.999989   27.874067
    3.024370   28.118969
    3.048751   28.265915
    3.073132   28.316256


    3.073132   -2.381151
    3.098647   -2.377069
    3.124163   -2.363463
    3.149678   -2.340333
    3.175194   -2.309040
    3.200710   -2.268223
    3.226225   -2.219242
    3.251741   -2.160737
    3.277256   -2.094069
    3.302772   -2.017876
    3.328287   -1.934881
    3.353803   -1.842361
    3.379318   -1.743039
    3.404834   -1.636914
    3.430350   -1.523986
    3.455865   -1.405615
    3.481381   -1.281803
    3.506896   -1.155268
    3.532412   -1.027374
    3.557927   -0.900840
    3.583443   -0.778388
    3.608958   -0.662739
    3.634474   -0.559334
    3.659990   -0.472257
    3.685505   -0.408310


    3.073132    4.997274
    3.098647    5.001356
    3.124163    5.012240
    3.149678    5.031289
    3.175194    5.058500
    3.200710    5.093875
    3.226225    5.137414
    3.251741    5.189116
    3.277256    5.248981
    3.302772    5.317010
    3.328287    5.394563
    3.353803    5.480280
    3.379318    5.574160
    3.404834    5.674843
    3.430350    5.783689
    3.455865    5.895257
    3.481381    6.009546
    3.506896    6.118392
    3.532412    6.212272
    3.557927    6.278941
    3.583443    6.295268
    3.608958    6.247647
    3.634474    6.136079
    3.659990    5.983695
    3.685505    5.824507


    3.073132   17.349979
    3.098647   17.318686
    3.124163   17.224806
    3.149678   17.069698
    3.175194   16.854727
    3.200710   16.583973
    3.226225   16.260155
    3.251741   15.884635
    3.277256   15.461494
    3.302772   14.993455
    3.328287   14.483237
    3.353803   13.936284
    3.379318   13.359399
    3.404834   12.760743
    3.430350   12.149843
    3.455865   11.540303
    3.481381   10.947090
    3.506896   10.386532
    3.532412    9.879035
    3.557927    9.450452
    3.583443    9.129355
    3.608958    8.940235
    3.634474    8.889894
    3.659990    8.964725
    3.685505    9.137519


    3.073132   28.316256
    3.098647   28.261829
    3.124163   28.099922
    3.149678   27.833250
    3.175194   27.468611
    3.200710   27.011457
    3.226225   26.475389
    3.251741   25.872652
    3.277256   25.220934
    3.302772   24.537922
    3.328287   23.842667
    3.353803   23.152853
    3.379318   22.484808
    3.404834   21.850777
    3.430350   21.260286
    3.455865   20.717415
    3.481381   20.224886
    3.506896   19.782696
    3.532412   19.389488
    3.557927   19.041180
    3.583443   18.736410
    3.608958   18.471098
    3.634474   18.245241
    3.659990   18.054760
    3.685505   17.898294


    3.685505   -0.408310
    3.709618   -0.498108
    3.733716   -0.598791
    3.757828   -0.710359
    3.781926   -0.834172
    3.806039   -0.966148
    3.830137   -1.107648
    3.854249   -1.255951
    3.878347   -1.409697
    3.902460   -1.568885
    3.926558   -1.732154
    3.950670   -1.898145
    3.974783   -2.065496
    3.998881   -2.232848
    4.022993   -2.400199
    4.047091   -2.566190
    4.071204   -2.729460
    4.095302   -2.891369
    4.119414   -3.050556
    4.143513   -3.205662
    4.167625   -3.358047
    4.191723   -3.506350
    4.215836   -3.649211
    4.239948   -3.786630
    4.264046   -3.919966
    4.288158   -4.047861
    4.312257   -4.170313
    4.336369   -4.285963
    4.360467   -4.396170
    4.384580   -4.500935
    4.408678   -4.598897
    4.432790   -4.690055
    4.456889   -4.774411
    4.481001   -4.853324
    4.505113   -4.924075
    4.529212   -4.989383
    4.553324   -5.046527
    4.577422   -5.098229
    4.601534   -5.141767
    4.625633   -5.179864
    4.649745   -5.211157
    4.673843   -5.234287
    4.697956   -5.251975
    4.722054   -5.261498
    4.746166   -5.265580


    3.685505    5.824507
    3.709618    6.084377
    3.733716    6.364657
    3.757828    6.665345
    3.781926    6.989163
    3.806039    7.333390
    3.830137    7.700746
    3.854249    7.975584
    3.878347    7.989189
    3.902460    8.038170
    3.926558    8.121165
    3.950670    8.234094
    3.974783    8.375594
    3.998881    8.542946
    4.022993    8.733427
    4.047091    8.947038
    4.071204    9.181058
    4.095302    9.432765
    4.119414    9.700799
    4.143513    9.983800
    4.167625   10.279046
    4.191723   10.583816
    4.215836   10.898109
    4.239948   11.216485
    4.264046   11.538942
    4.288158   11.861400
    4.312257   12.181137
    4.336369   12.496791
    4.360467   12.804282
    4.384580   13.102249
    4.408678   13.387971
    4.432790   13.660086
    4.456889   13.914515
    4.481001   14.152617
    4.505113   14.371671
    4.529212   14.568954
    4.553324   14.747190
    4.577422   14.905017
    4.601534   15.041075
    4.625633   15.155363
    4.649745   15.249245
    4.673843   15.321354
    4.697956   15.373056
    4.722054   15.404350
    4.746166   15.413875


    3.685505    9.137519
    3.709618    8.817782
    3.733716    8.552469
    3.757828    8.341579
    3.781926    8.181031
    3.806039    8.068103
    3.830137    8.001434
    3.854249    8.089872
    3.878347    8.503489
    3.902460    8.940235
    3.926558    9.400111
    3.950670    9.884478
    3.974783   10.390614
    3.998881   10.921240
    4.022993   11.473636
    4.047091   12.047799
    4.071204   12.642373
    4.095302   13.257356
    4.119414   13.888664
    4.143513   14.536301
    4.167625   15.196181
    4.191723   15.868307
    4.215836   16.548597
    4.239948   17.232969
    4.264046   17.918701
    4.288158   18.603073
    4.312257   19.280642
    4.336369   19.948687
    4.360467   20.601765
    4.384580   21.238518
    4.408678   21.852139
    4.432790   22.441269
    4.456889   22.999107
    4.481001   23.525652
    4.505113   24.016821
    4.529212   24.468533
    4.553324   24.878067
    4.577422   25.245424
    4.601534   25.566521
    4.625633   25.841358
    4.649745   26.068577
    4.673843   26.245451
    4.697956   26.371986
    4.722054   26.448177
    4.746166   26.474028


    3.685505   17.898294
    3.709618   18.136395
    3.733716   18.392183
    3.757828   18.667021
    3.781926   18.962267
    3.806039   19.277920
    3.830137   19.615345
    3.854249   19.974537
    3.878347   20.356861
    3.902460   20.763674
    3.926558   21.194977
    3.950670   21.653492
    3.974783   22.139221
    3.998881   22.652159
    4.022993   23.196392
    4.047091   23.770555
    4.071204   24.377375
    4.095302   25.019567
    4.119414   25.695776
    4.143513   26.410082
    4.167625   27.163843
    4.191723   27.957062
    4.215836   28.793819
    4.239948   29.671391
    4.264046   30.595224
    4.288158   31.561237
    4.312257   32.570786
    4.336369   33.622517
    4.360467   34.713699
    4.384580   35.837540
    4.408678   36.991314
    4.432790   38.164131
    4.456889   39.347836
    4.481001   40.528820
    4.505113   41.693474
    4.529212   42.825478
    4.553324   43.907139
    4.577422   44.922131
    4.601534   45.848686
    4.625633   46.671837
    4.649745   47.371174
    4.673843   47.933098
    4.697956   48.343990
    4.722054   48.594337
    4.746166   48.678696